1.725798893466865991e+00
1.276617832873938818e+00
9.015151665138757542e-01
1.663487066624119048e+00
1.161696218821536730e+00
2.016487874310993078e+00
1.268697035020316610e+00
1.056001267858215131e+00
1.320466498104577058e+00
1.856402036541259459e+00
1.523094983140497183e+00
1.517095302614663854e+00
9.416772858431484705e-01
1.756887020285321732e+00
1.174794627503606304e+00
9.718039366322118733e-01
1.161952745691519295e+00
9.878926078423883039e-01
7.767843033768587757e-01
1.063714504001885830e+00
8.259427478345788831e-01
1.212002839412482880e+00
8.120465238100120775e-01
1.654174821552713448e+00
1.835092107415880136e+00
1.155901909644921899e+00
7.615204231700869464e-01
1.311054270436612601e+00
1.410656657087202559e+00
1.056829458047188419e+00
9.938043502265426765e-01
1.000810385035746375e+00
1.053282558126191093e+00
4.924142450593638753e-01
1.101320104097340380e+00
8.003346041186322202e-01
1.178975151304872293e+00
1.661488148465489090e+00
1.047982148550544279e+00
9.806630299079976965e-01
1.034364728410151368e+00
1.222606444449354512e+00
1.325763848093961306e+00
3.594704729982454161e-01
7.638915333659471729e-01
9.277419518932072950e-01
1.078626049173128987e+00
9.318603269223436625e-01
1.021305950529439066e+00
1.102710292101842127e+00
9.793572883558390174e-01
1.025832632666488387e+00
1.362093685649138353e+00
1.455858342882692780e+00
6.197199089602084543e-01
2.131702791850703937e-01
1.014642196025055343e+00
8.518478666006438216e-01
9.936225003395323663e-01
1.365986368706490373e+00
1.000200151134662763e+00
1.014885741611491143e+00
1.008999165693197142e+00
1.002296709147614706e+00
1.007385757394607895e+00
1.083453734980614813e+00
1.000822550586428328e+00
1.020677507589054400e+00
1.060811744256436873e+00
1.006630934092803464e+00
1.028036649605790664e+00
1.000884736471162162e+00
1.000776668790069879e+00
1.111229309515162633e+00
1.010393596630242863e+00
1.032974916387242814e+00
1.258718007928821159e+00
6.502103707680483291e-01
7.578825109438475094e-01
6.205139697157155965e-01
9.244845298320688576e-01
8.720043570201018168e-01
6.045177517117718002e-01
5.618282844364954620e-01
6.347276289262466786e-01
4.729507798377357020e-01
9.488734961933245060e-01
9.821201273372791585e-01
2.801938800397013041e-01
