1.754165934922643721e+00
1.309748223866995076e+00
9.242910795586369854e-01
1.683609175301965521e+00
1.173399733106986087e+00
1.988509252096736457e+00
1.236016954581738547e+00
1.062502346471934311e+00
1.289529288617221603e+00
1.827932132698679046e+00
1.513101704339032016e+00
1.512451140313665121e+00
9.495849466909783709e-01
1.748874676108896686e+00
1.163921111519482299e+00
9.812007156173282452e-01
1.180615520537019236e+00
9.923279370432316338e-01
7.646129173105327137e-01
1.072289693647224373e+00
8.226798645525257303e-01
1.242221519892030779e+00
8.013372793221495982e-01
1.651957977656834942e+00
1.893635558488115711e+00
1.160348285619956954e+00
7.897663315853041821e-01
1.331319578948815474e+00
1.379989525509640824e+00
1.088398127627151935e+00
9.689580348740496341e-01
1.028483950776960532e+00
1.046889426963005354e+00
4.978729954314589645e-01
1.121579047688985753e+00
8.192068012234156038e-01
1.203101356341952588e+00
1.606936239677661860e+00
1.053610334134921001e+00
9.998017663767863050e-01
1.033254926942936525e+00
1.193878933782795304e+00
1.326605719612592216e+00
3.358403374278000064e-01
7.983408226537467289e-01
9.315697687896673518e-01
1.089725523342775171e+00
9.306045589693018316e-01
1.032769980300028978e+00
1.061767645344809496e+00
9.446086830177052862e-01
1.054136003059479965e+00
1.343373240393702206e+00
1.456991254827670002e+00
5.928295353550998570e-01
2.154631790100813293e-01
1.022868200095633284e+00
8.399881421393416980e-01
9.803919097232900448e-01
1.339275258008820746e+00
1.001710298740605465e+00
1.029980543622923905e+00
1.006974356335456955e+00
1.010112605315689915e+00
1.009970136094709980e+00
1.106549387658422479e+00
1.008260654270055401e+00
1.038878289544650002e+00
1.068021565515109739e+00
1.006908627635934694e+00
1.032225416436254095e+00
1.000527281173662519e+00
1.001334451363935285e+00
1.109477963567544911e+00
1.013009980175579194e+00
1.011804532609429597e+00
1.216754868113918864e+00
6.459857355463972661e-01
7.576900527818616338e-01
6.324765732540640339e-01
9.465506808321638710e-01
8.625838141242454515e-01
6.271025932430028815e-01
5.614023261696758915e-01
6.168027107151597965e-01
4.805499912403201068e-01
9.536381899087166270e-01
9.769472286045152165e-01
2.787291412178516392e-01
