1.117654022715916629e+00
6.820527269300116213e-01
7.645951749943575848e-01
1.223736535408921355e+00
9.444563026093125702e-01
1.721706259328914523e+00
9.581295348906444520e-01
1.490684358404193555e+00
1.287831908458024754e+00
1.691174915138715207e+00
1.271488256748625645e+00
8.690886742899084361e-01
7.279728390007196293e-01
1.145601022589006091e+00
1.024962164214357596e+00
8.128189916720425234e-01
6.583810459157068973e-01
1.153807458607936764e+00
5.667254623636281963e-01
1.012174025537430300e+00
8.952440788700719576e-01
1.202159105349950519e+00
1.497039403735179075e+00
1.668352062721302209e+00
1.260515520764657893e+00
1.218537124034891672e+00
1.121991568713780918e+00
7.080535375754641869e-01
6.371426723234792089e-01
1.000160240050070648e+00
7.220382479164335621e-01
5.514625116487349432e-01
8.658094274753079800e-01
1.161465198898521400e+00
9.867977255726618768e-01
7.662045523523453028e-01
1.084754629026339678e+00
9.106900621244453653e-01
8.787972498885613382e-01
7.475345680059074516e-01
7.492260083136172977e-01
7.897140276733473074e-01
1.034357143839125026e+00
7.859619591925484094e-01
5.635565223605562002e-01
1.571646811074356664e+00
1.023326221477862230e+00
9.628334080218272639e-01
1.007867200512732708e+00
1.578924275983108583e+00
1.714737182001230487e+00
9.630783679739449710e-01
1.289216475408278662e+00
1.241218306195304821e+00
1.016782217575384228e+00
9.269278395538752546e-01
9.781860947310059284e-01
9.847241245735154358e-01
1.192500077645749945e+00
1.007432600859698102e+00
1.343234139667555560e+00
1.174547136908968170e+00
1.118285649004560067e+00
1.210890955097476462e+00
1.109924182191766473e+00
1.108421511758108213e+00
1.276391341936882418e+00
1.355911759900258806e+00
1.012457985185695186e+00
1.000313342727026544e+00
1.150142717283180183e+00
1.281605943530117253e+00
1.298567797065310225e+00
1.024118804658979753e+00
1.000786106907243456e+00
1.212381607851247933e+00
1.135511975775524540e+00
1.836118547350250596e-01
4.623972021642184238e-01
3.699095778364768772e-01
6.383546183676671593e-01
9.775995600336152558e-01
7.440452025293181615e-01
4.166274869944825432e-01
7.246637553908520379e-01
4.688858826912974953e-01
5.904753635100128406e-01
6.582847279781427474e-01
5.894964488387847146e-01
