1.227032577925225798e+00
7.866198249303886225e-01
8.201230147925350211e-01
1.135698121333386990e+00
1.158244744593150966e+00
1.802196153649479937e+00
9.774079881396129377e-01
1.590095581836149519e+00
1.206699297514305602e+00
1.567874233384024762e+00
1.114860609650339951e+00
7.901405418295214256e-01
8.647203861179751927e-01
1.324536450410981336e+00
1.172448857434577052e+00
7.130672068692025523e-01
5.736960741874448377e-01
1.049923094700993875e+00
6.089407200305574364e-01
1.096092526668153821e+00
1.115863345531693085e+00
1.319679465903879523e+00
1.510642592965692144e+00
1.780041146166029709e+00
9.445066181502955738e-01
1.070175562233789845e+00
9.830789639226098497e-01
9.130922872301597826e-01
9.173389974270941272e-01
8.254188695905058104e-01
6.548672594977310579e-01
3.680632819761857633e-01
7.933267592525978795e-01
1.234844586381442788e+00
1.245171747170993770e+00
8.203672617781152532e-01
1.190705208412911054e+00
9.413517313646370122e-01
1.159714390245812243e+00
1.012411363029554590e+00
8.793630633013239661e-01
7.514214612348196765e-01
1.192018764804648967e+00
8.346572949351767079e-01
5.617519629470646425e-01
1.492208277038006070e+00
9.995755119202801575e-01
1.328015602702602660e+00
1.132130045837052679e+00
1.484629839208923663e+00
1.539526839327009178e+00
1.005769655231536275e+00
1.736476683671402954e+00
1.470411433611462870e+00
1.274003716727355684e+00
8.319719232780705687e-01
9.524354215538407553e-01
6.999512532096381356e-01
1.120698841794262934e+00
1.006474297642586446e+00
1.040375278914562607e+00
1.157123249125889597e+00
1.030622377429775804e+00
1.080681996312276683e+00
1.231611948620510599e+00
1.228917758774438207e+00
1.070820792502845009e+00
1.078728746745890588e+00
1.233996491974896248e+00
1.009531865481406943e+00
1.048788871132529499e+00
1.078213859451005563e+00
1.209718814537344755e+00
1.008570320901553297e+00
1.093335059420151634e+00
1.261408850735425968e+00
1.210005500681222701e+00
4.558357061120604098e-02
6.360067992213863652e-01
4.528842931060211852e-01
2.352201638269806050e-01
9.115067350897761989e-01
5.995017678123053528e-01
7.502615307610795981e-01
9.533754441789753509e-01
6.079715561016593162e-01
7.967480247184125508e-01
5.682018712407068683e-01
6.842965673982079888e-01
